{
	"file" : "tacle-bench/bench/kernel/cubic/cubic.elf",
	"projection" : "true",
	"task" : "cubic_main",
	"policy" : "LRU",
	"associativity" : 4,
	"set_count" : 128,
	"exec_time" : 119560,
	"exit_value" : 0,
	"bb_count" : [26,26,27,28,29,29,29,27,28,26,29,23,20,28,32,33,32,32,31,32,33,32,33,32,31,32,33,32,31,33,32,31,29,28,28,29,29,30,28,28,30,29,30,29,28,29,20,36,37,39,38,36,36,34,33,36,37,36,36,38,35,38,37,26,26,24,24,23,24,24,24,23,24,24,25,23,25,23,24,24,24,24,24,24,25,26,25,25,24,25,25,25,25,25,20,22,21,30,32,33,31,31,31,31,32,30,30,31,30,30,30,30,30,31,22,31,30,30,33,30,26,24,26,25,7,6,25,26],
	"used_bb_count" : [4,3,4,5,6,6,6,4,5,3,3,2,2,2,3,4,3,3,2,3,4,3,4,3,2,3,4,3,2,4,3,2,3,2,2,3,3,4,2,2,4,3,4,3,2,3,2,4,5,7,6,4,4,4,3,6,5,6,6,6,3,6,5,5,5,3,3,2,3,3,3,2,3,3,4,2,4,2,3,3,3,3,3,3,4,5,4,4,3,4,4,4,4,4,2,4,3,4,6,7,5,5,5,5,6,4,4,5,4,4,4,4,4,5,4,5,4,4,7,4,5,3,5,4,2,2,4,4],
	"total_bb" : [247],
	"state_mins" : [1,1,1,1,1,1,1,1,1,1,1,1,1,1,1,1,1,1,1,1,1,1,1,1,1,1,1,1,1,1,1,1,1,1,1,1,1,1,1,1,1,1,1,1,1,1,1,1,1,1,1,1,1,1,1,1,1,1,1,1,1,1,1,1,1,1,1,1,1,1,1,1,1,1,1,1,1,1,1,1,1,1,1,1,1,1,1,1,1,1,1,1,1,1,1,1,1,1,1,1,1,1,1,1,1,1,1,1,1,1,1,1,1,1,1,1,1,1,1,1,1,1,1,1,1,1,1,1],
	"state_maxs" : [16,16,16,16,16,16,16,16,5,5,4,4,2,5,5,5,5,5,5,5,5,5,5,5,5,5,5,5,5,5,5,5,5,5,5,5,5,5,5,5,5,5,5,5,5,5,2,4,4,5,5,5,5,5,5,5,5,5,5,5,5,5,5,5,5,5,5,5,5,5,5,5,5,5,5,5,5,5,10,10,10,10,10,10,10,10,12,9,14,14,12,12,14,14,5,5,5,16,16,14,14,5,5,5,5,5,5,9,14,14,14,14,14,16,5,16,16,16,16,16,5,5,5,5,1,2,16,16],
	"state_moys" : [12.1154,13.9231,14,13.6786,13.7586,13.3793,13.3793,13.5926,4.53571,4.61538,3.31034,3.13043,1.9,4.53571,4.40625,4.42424,4.59375,4.59375,4.67742,4.59375,4.51515,4.6875,4.60606,4.6875,4.67742,4.59375,4.69697,4.6875,4.67742,4.60606,4.6875,4.67742,4.34483,4.32143,4.32143,4.24138,4.34483,4.36667,4.64286,4.64286,4.56667,4.44828,4.26667,4.34483,4.64286,4.55172,1.85,2.47222,2.54054,4.17949,4.55263,4.61111,4.52778,4.67647,4.75758,4.61111,4.75676,4.58333,4.5,4.76316,4.74286,4.78947,4.48649,4.26923,4.26923,4.45833,4.58333,4.30435,4.58333,4.58333,4.58333,4.56522,4.58333,4.45833,4.36,4.56522,4.48,4.56522,6.66667,6.66667,6.66667,6.66667,6.66667,6.66667,6.6,6.53846,8.92,7.2,8.54167,8.32,6.8,9.48,8.4,8.4,4.5,4.40909,4.38095,13.9333,13.375,9.51515,9.74194,4.45161,4.45161,4.54839,4.5625,4.53333,4.53333,7.83871,12.4,12.4,12.4,12.4,12.4,13.8387,4.36364,13.9032,14.2,14.2,13.697,14.2,4.23077,4.41667,4.46154,4.44,1,1.16667,12.96,12],
	"state_total" : [16,16,16,16,16,16,16,16,10,5,4,4,2,5,5,5,5,5,5,5,5,5,5,5,5,5,5,5,5,5,5,5,5,5,5,5,5,5,5,5,5,5,5,5,5,5,2,4,4,5,5,5,5,5,5,5,5,5,5,5,5,5,5,5,5,5,5,5,5,5,5,5,5,5,5,5,5,5,10,10,10,10,10,10,10,10,12,11,14,14,12,12,14,14,5,5,5,16,16,14,14,6,6,6,6,6,6,10,14,14,14,14,14,16,5,16,16,16,16,16,5,5,5,5,2,2,16,16]
}